carMap
386 670 1 0 2
778 670 3 0 4
201 521 4 0 5
384 515 5 0 6
574 521 6 0 7
775 522 7 0 8
187 368 8 0 9
385 359 9 0 10
579 355 10 0 11
776 361 11 0 12
376 192 13 0 14
776 188 15 0 16
341 589 16 1 
273 473 17 1 
312 470 18 1 
159 443 19 1 
457 631 22 1 
500 629 23 1 
682 628 24 1 
738 438 28 1 
539 276 31 1 
635 467 27 1 
529 421 29 1 
832 616 25 1 
734 580 26 1 
231 302 20 1 
134 264 21 1 
189 193 12 0 13
571 190 14 0 15
584 674 2 0 3
198 673 0 0 1
-1 -1
5 9
8 9
15 11
11 10
5 6
1 16
16 5
4 17
17 18
18 5
8 19
19 4
1 22
22 23
24 3
7 28
28 11
10 31
6 27
27 29
29 10
3 25
25 26
26 7
8 20
20 21
21 12
12 13
14 31
13 14
14 15
2 6
23 2
2 24
0 4
0 1
-1 -1
