carMap1
150 670 0 0 1
945 667 3 0 4
144 461 4 0 5
393 455 5 0 6
673 452 6 0 7
936 453 7 0 8
133 258 8 0 9
661 250 10 0 11
929 249 11 0 12
124 38 12 0 13
34 759 16 0 0
394 670 1 0 2
674 668 2 0 3
454 663 19 1 
606 666 20 1 
810 633 21 1 
988 619 22 1 
985 565 23 1 
877 537 24 1 
874 496 25 1 
318 450 27 1 
207 453 28 1 
176 198 32 1 
175 152 33 1 
73 118 34 1 
71 79 35 1 
722 395 36 1 
722 351 37 1 
618 329 38 1 
613 288 39 1 
804 417 40 1 
373 255 9 0 10
362 37 13 0 14
535 423 43 1 
622 34 14 0 15
857 31 15 0 16
561 150 42 1 
41 357 26 1 
305 563 31 1 
794 225 44 1 
512 630 29 1 
563 630 30 1 
282 402 17 1 
233 400 18 1 
1036 350 41 1 
489 72 45 1 
-1 -1
16 0
0 4
0 1
1 19
20 2
2 21
21 3
3 22
22 23
23 24
24 25
25 7
5 27
28 4
8 32
32 33
33 34
34 35
35 12
6 36
36 37
37 38
38 39
39 10
6 40
40 7
5 9
9 8
12 13
5 43
43 6
11 15
15 14
10 42
42 14
1 31
31 5
4 26
26 8
11 44
44 10
19 29
29 30
30 20
28 18
18 17
17 27
7 41
41 11
13 45
45 14
-1 -1
