屏峰
803 248 0 0 东14
1093 150 1 0 计院楼
816 536 2 0 家和
460 325 3 0 西六
341 603 4 0 语林楼
155 435 5 0 广知楼
269 431 6 0 健B
67 661 7 0 博易楼
730 247 8 1 
722 433 9 1 
722 532 10 1 
591 320 11 1 
733 167 12 1 
693 94 13 1 
628 96 14 1 
580 138 15 1 
508 153 16 1 
475 183 17 1 
438 196 18 1 
373 216 19 1 
336 241 20 1 
288 260 21 1 
241 268 22 1 
190 281 23 1 
118 334 24 1 
54 353 25 1 
950 234 26 1 
948 362 27 1 
963 528 28 1 
1078 420 29 1 
1124 317 30 1 
546 402 31 1 
214 559 32 1 
81 480 33 1 
203 378 34 1 
317 521 35 1 
381 436 36 1 
516 547 37 1 
371 337 38 1 
613 649 39 1 
610 516 40 1 
879 668 41 1 
806 365 42 1 
1068 706 43 0 UN对面门
511 556 44 1 
-1 -1
0 8
8 9
9 10
10 2
2 42
42 27
27 30
30 1
29 28
28 27
2 41
39 37
37 36
36 35
35 4
4 32
5 6
6 38
38 3
3 31
31 18
18 15
15 12
12 26
26 29
43 29
7 33
33 25
25 24
24 23
23 34
34 38
7 37
37 40
40 39
39 43
-1 -1
