浙理工
852 499 0 0 体育场
275 569 1 0 博物馆
150 547 2 0 艺术学院
196 260 3 0 纺织学院
620 155 4 0 学生活动中心
857 152 5 0 体育馆
1005 108 6 0 校医院
1044 450 7 0 游泳馆
1037 593 8 0 网球场
1052 534 9 0 篮球场
863 284 10 0 篮球场1
733 353 11 0 钟楼
508 570 12 0 行政楼
393 638 13 0 南门
235 352 14 0 理学院
195 484 15 0 服装学院
219 145 16 0 机械学院
401 308 17 0 图书馆
385 96 18 0 北门
71 429 19 0 西门
1113 347 20 0 东门
978 223 21 0 田径场
643 424 22 0 建工楼
631 489 23 0 生物楼
614 269 24 0 信院楼
483 141 25 0 25
171 416 26 0 18
993 24 27 0 生活一区门
1173 347 28 1 
1168 54 29 1 
908 53 30 1 
539 51 31 1 
386 43 32 1 
730 50 33 1 
19 49 34 1 
19 656 35 1 
310 679 36 1 
388 683 37 1 
855 678 38 1 
1168 673 39 1 
452 568 40 1 
344 560 41 1 
356 412 42 1 
443 408 43 1 
548 404 44 1 
575 528 45 1 
574 616 46 1 
724 618 47 1 
721 491 48 1 
730 419 49 1 
791 363 50 1 
935 361 51 1 
949 481 52 1 
953 600 53 1 
1018 352 54 1 
931 286 55 1 
1063 283 56 1 
1050 160 57 1 
936 154 58 1 
728 152 59 1 
733 247 60 1 
796 234 61 1 
496 315 62 1 
496 379 63 1 
306 376 64 1 
304 303 65 1 
306 214 66 1 
462 219 67 1 
431 133 68 1 
336 134 69 1 
385 219 70 1 
146 204 71 1 
140 299 72 1 
101 505 73 1 
101 446 74 1 
102 402 75 1 
138 393 76 1 
260 459 77 1 
264 407 78 1 
350 509 79 1 
257 505 80 1 
16 250 81 1 
24 432 82 1 
198 53 83 1 
550 206 84 1 
691 211 85 1 
546 305 86 1 
693 300 87 1 
698 381 88 1 
725 100 89 0 北2门
85 627 90 0 文泽路
168 670 91 1 
81 681 92 1 
-1 -1
39 38
38 37
37 36
35 82
82 81
81 34
34 83
83 32
32 31
31 33
33 30
30 27
27 29
29 30
29 28
28 20
20 56
56 57
57 6
6 58
58 55
55 51
51 50
50 11
11 88
88 87
87 85
85 59
59 60
60 61
61 50
50 49
49 48
48 47
47 46
46 45
45 44
44 63
63 62
62 86
86 84
84 67
67 68
68 69
69 66
66 70
70 67
67 62
36 91
91 92
92 90
90 35
35 92
40 43
43 63
43 42
42 64
64 65
65 66
66 16
16 71
71 72
72 76
76 75
75 19
19 74
74 73
73 15
15 80
80 77
77 78
78 64
64 14
14 76
76 26
26 14
3 71
3 66
3 65
14 3
14 78
42 79
79 41
41 40
40 12
12 46
46 13
13 41
13 40
13 1
1 2
8 9
9 7
7 54
54 20
54 51
51 52
52 53
53 0
52 0
0 48
47 53
53 8
52 7
52 9
55 10
61 5
5 58
58 21
89 59
85 4
4 84
84 25
25 62
62 17
17 70
70 65
65 17
23 22
22 88
45 23
23 48
49 88
68 18
18 32
69 18
89 33
13 37
19 82
-1 -1
